10000 0.06126737594604492
20000 0.12467741966247559
30000 0.1816091537475586
40000 0.2393476963043213
50000 0.2984342575073242
60000 0.35573244094848633
70000 0.41566991806030273
80000 0.47625207901000977
90000 0.5351448059082031
100000 0.5999290943145752
200000 1.1820619106292725
300000 1.7646067142486572
400000 2.370439291000366
500000 2.978989362716675
600000 3.565589189529419
700000 4.17230486869812
800000 4.782050609588623
900000 5.390923500061035
1000000 6.023308038711548
2000000 12.079030990600586
3000000 18.00163245201111
4000000 23.87239933013916
5000000 29.82086730003357
6000000 36.078782081604004
7000000 42.35111904144287
8000000 48.35853672027588
9000000 53.49788427352905
10000000 58.60935974121094
20000000 117.57294249534607

